The Base-MNB model emotions with default hyper-parameter values

The Confusion Matrix:
9.600000000000000000e+02 1.600000000000000000e+01 4.000000000000000000e+00 8.000000000000000000e+00 3.800000000000000000e+01 5.000000000000000000e+00 1.000000000000000000e+00 9.000000000000000000e+00 0.000000000000000000e+00 2.000000000000000000e+00 3.000000000000000000e+00 0.000000000000000000e+00 1.000000000000000000e+00 3.000000000000000000e+00 0.000000000000000000e+00 5.300000000000000000e+01 0.000000000000000000e+00 1.800000000000000000e+01 3.900000000000000000e+01 0.000000000000000000e+00 9.500000000000000000e+02 1.100000000000000000e+01 0.000000000000000000e+00 3.000000000000000000e+00 0.000000000000000000e+00 0.000000000000000000e+00 0.000000000000000000e+00 1.000000000000000000e+01
3.400000000000000000e+01 3.270000000000000000e+02 6.000000000000000000e+00 1.100000000000000000e+01 9.000000000000000000e+00 0.000000000000000000e+00 2.000000000000000000e+00 5.000000000000000000e+00 1.000000000000000000e+00 1.000000000000000000e+00 7.000000000000000000e+00 0.000000000000000000e+00 0.000000000000000000e+00 2.000000000000000000e+00 0.000000000000000000e+00 9.000000000000000000e+00 0.000000000000000000e+00 1.000000000000000000e+01 1.000000000000000000e+01 0.000000000000000000e+00 7.860000000000000000e+02 3.000000000000000000e+00 0.000000000000000000e+00 0.000000000000000000e+00 0.000000000000000000e+00 0.000000000000000000e+00 2.000000000000000000e+00 8.000000000000000000e+00
6.000000000000000000e+00 1.000000000000000000e+01 1.260000000000000000e+02 6.400000000000000000e+01 1.400000000000000000e+01 1.000000000000000000e+00 1.000000000000000000e+00 5.000000000000000000e+00 0.000000000000000000e+00 4.000000000000000000e+00 1.200000000000000000e+01 7.000000000000000000e+00 0.000000000000000000e+00 1.000000000000000000e+00 0.000000000000000000e+00 5.000000000000000000e+00 0.000000000000000000e+00 2.000000000000000000e+00 0.000000000000000000e+00 0.000000000000000000e+00 7.960000000000000000e+02 2.000000000000000000e+00 0.000000000000000000e+00 0.000000000000000000e+00 0.000000000000000000e+00 1.000000000000000000e+00 1.000000000000000000e+00 4.000000000000000000e+00
2.800000000000000000e+01 1.900000000000000000e+01 5.100000000000000000e+01 9.500000000000000000e+01 4.200000000000000000e+01 3.000000000000000000e+00 4.000000000000000000e+00 8.000000000000000000e+00 0.000000000000000000e+00 5.000000000000000000e+00 3.100000000000000000e+01 1.100000000000000000e+01 0.000000000000000000e+00 2.000000000000000000e+00 0.000000000000000000e+00 8.000000000000000000e+00 0.000000000000000000e+00 1.000000000000000000e+00 3.000000000000000000e+00 0.000000000000000000e+00 1.351000000000000000e+03 4.000000000000000000e+00 0.000000000000000000e+00 5.000000000000000000e+00 0.000000000000000000e+00 0.000000000000000000e+00 8.000000000000000000e+00 9.000000000000000000e+00
1.040000000000000000e+02 1.600000000000000000e+01 6.000000000000000000e+00 2.700000000000000000e+01 2.240000000000000000e+02 1.100000000000000000e+01 7.000000000000000000e+00 6.000000000000000000e+00 2.000000000000000000e+00 3.000000000000000000e+00 2.700000000000000000e+01 3.000000000000000000e+00 0.000000000000000000e+00 3.000000000000000000e+00 1.000000000000000000e+00 1.800000000000000000e+01 0.000000000000000000e+00 6.000000000000000000e+00 1.200000000000000000e+01 0.000000000000000000e+00 1.729000000000000000e+03 1.100000000000000000e+01 0.000000000000000000e+00 6.000000000000000000e+00 0.000000000000000000e+00 0.000000000000000000e+00 3.000000000000000000e+00 1.000000000000000000e+00
1.500000000000000000e+01 1.000000000000000000e+00 1.000000000000000000e+00 5.000000000000000000e+00 1.100000000000000000e+01 3.600000000000000000e+01 2.000000000000000000e+00 6.000000000000000000e+00 0.000000000000000000e+00 1.000000000000000000e+00 5.000000000000000000e+00 1.000000000000000000e+00 0.000000000000000000e+00 0.000000000000000000e+00 0.000000000000000000e+00 2.000000000000000000e+01 0.000000000000000000e+00 4.000000000000000000e+00 4.000000000000000000e+00 0.000000000000000000e+00 5.400000000000000000e+02 1.500000000000000000e+01 0.000000000000000000e+00 0.000000000000000000e+00 0.000000000000000000e+00 1.000000000000000000e+00 1.000000000000000000e+00 0.000000000000000000e+00
1.000000000000000000e+01 8.000000000000000000e+00 4.000000000000000000e+00 7.000000000000000000e+00 1.300000000000000000e+01 0.000000000000000000e+00 5.700000000000000000e+01 2.800000000000000000e+01 0.000000000000000000e+00 1.000000000000000000e+00 1.300000000000000000e+01 1.000000000000000000e+00 0.000000000000000000e+00 0.000000000000000000e+00 1.000000000000000000e+00 8.000000000000000000e+00 0.000000000000000000e+00 2.000000000000000000e+00 3.000000000000000000e+00 0.000000000000000000e+00 8.000000000000000000e+02 0.000000000000000000e+00 0.000000000000000000e+00 7.000000000000000000e+00 0.000000000000000000e+00 0.000000000000000000e+00 0.000000000000000000e+00 2.000000000000000000e+00
1.200000000000000000e+01 6.000000000000000000e+00 1.000000000000000000e+00 8.000000000000000000e+00 1.600000000000000000e+01 2.000000000000000000e+00 1.700000000000000000e+01 1.230000000000000000e+02 1.000000000000000000e+00 2.000000000000000000e+00 1.100000000000000000e+01 0.000000000000000000e+00 0.000000000000000000e+00 0.000000000000000000e+00 0.000000000000000000e+00 5.000000000000000000e+00 0.000000000000000000e+00 1.000000000000000000e+00 2.000000000000000000e+00 0.000000000000000000e+00 9.210000000000000000e+02 2.000000000000000000e+00 0.000000000000000000e+00 1.000000000000000000e+01 0.000000000000000000e+00 0.000000000000000000e+00 0.000000000000000000e+00 3.000000000000000000e+00
1.400000000000000000e+01 4.000000000000000000e+00 1.000000000000000000e+00 5.000000000000000000e+00 8.000000000000000000e+00 1.000000000000000000e+00 2.000000000000000000e+00 1.000000000000000000e+00 7.000000000000000000e+00 0.000000000000000000e+00 1.000000000000000000e+00 1.000000000000000000e+00 0.000000000000000000e+00 2.000000000000000000e+00 0.000000000000000000e+00 2.000000000000000000e+00 0.000000000000000000e+00 0.000000000000000000e+00 6.000000000000000000e+00 0.000000000000000000e+00 3.690000000000000000e+02 1.300000000000000000e+01 0.000000000000000000e+00 0.000000000000000000e+00 0.000000000000000000e+00 0.000000000000000000e+00 0.000000000000000000e+00 2.000000000000000000e+00
1.500000000000000000e+01 8.000000000000000000e+00 6.000000000000000000e+00 1.800000000000000000e+01 2.300000000000000000e+01 1.000000000000000000e+00 2.000000000000000000e+00 0.000000000000000000e+00 0.000000000000000000e+00 3.800000000000000000e+01 1.000000000000000000e+01 5.000000000000000000e+00 0.000000000000000000e+00 0.000000000000000000e+00 0.000000000000000000e+00 3.000000000000000000e+00 0.000000000000000000e+00 1.000000000000000000e+00 6.000000000000000000e+00 0.000000000000000000e+00 8.120000000000000000e+02 4.000000000000000000e+00 0.000000000000000000e+00 2.000000000000000000e+00 0.000000000000000000e+00 1.000000000000000000e+00 1.100000000000000000e+01 4.000000000000000000e+00
1.300000000000000000e+01 1.300000000000000000e+01 1.100000000000000000e+01 3.900000000000000000e+01 4.200000000000000000e+01 3.000000000000000000e+00 8.000000000000000000e+00 2.000000000000000000e+00 0.000000000000000000e+00 4.000000000000000000e+00 1.160000000000000000e+02 5.000000000000000000e+00 1.000000000000000000e+00 0.000000000000000000e+00 1.000000000000000000e+00 9.000000000000000000e+00 0.000000000000000000e+00 4.000000000000000000e+00 1.000000000000000000e+00 0.000000000000000000e+00 1.251000000000000000e+03 2.000000000000000000e+00 0.000000000000000000e+00 6.000000000000000000e+00 0.000000000000000000e+00 0.000000000000000000e+00 3.000000000000000000e+00 3.000000000000000000e+00
1.200000000000000000e+01 5.000000000000000000e+00 2.200000000000000000e+01 3.000000000000000000e+01 8.000000000000000000e+00 0.000000000000000000e+00 2.000000000000000000e+00 0.000000000000000000e+00 0.000000000000000000e+00 4.000000000000000000e+00 1.700000000000000000e+01 5.200000000000000000e+01 0.000000000000000000e+00 0.000000000000000000e+00 1.000000000000000000e+00 3.000000000000000000e+00 0.000000000000000000e+00 1.000000000000000000e+00 1.000000000000000000e+00 0.000000000000000000e+00 4.170000000000000000e+02 3.000000000000000000e+00 0.000000000000000000e+00 4.000000000000000000e+00 0.000000000000000000e+00 0.000000000000000000e+00 2.000000000000000000e+00 1.000000000000000000e+00
3.000000000000000000e+00 2.000000000000000000e+00 2.000000000000000000e+00 1.200000000000000000e+01 7.000000000000000000e+00 1.000000000000000000e+00 3.000000000000000000e+00 2.000000000000000000e+00 0.000000000000000000e+00 0.000000000000000000e+00 6.000000000000000000e+00 3.000000000000000000e+00 2.000000000000000000e+00 1.000000000000000000e+00 0.000000000000000000e+00 3.000000000000000000e+00 0.000000000000000000e+00 0.000000000000000000e+00 1.000000000000000000e+00 0.000000000000000000e+00 2.510000000000000000e+02 2.000000000000000000e+00 0.000000000000000000e+00 1.000000000000000000e+00 0.000000000000000000e+00 0.000000000000000000e+00 0.000000000000000000e+00 1.000000000000000000e+00
5.500000000000000000e+01 6.000000000000000000e+00 6.000000000000000000e+00 0.000000000000000000e+00 1.200000000000000000e+01 0.000000000000000000e+00 1.000000000000000000e+00 1.300000000000000000e+01 0.000000000000000000e+00 0.000000000000000000e+00 3.000000000000000000e+00 0.000000000000000000e+00 0.000000000000000000e+00 1.800000000000000000e+01 0.000000000000000000e+00 1.500000000000000000e+01 0.000000000000000000e+00 3.300000000000000000e+01 3.000000000000000000e+00 0.000000000000000000e+00 4.160000000000000000e+02 4.000000000000000000e+00 0.000000000000000000e+00 2.000000000000000000e+00 0.000000000000000000e+00 0.000000000000000000e+00 3.000000000000000000e+00 7.000000000000000000e+00
8.000000000000000000e+00 3.000000000000000000e+00 0.000000000000000000e+00 2.000000000000000000e+00 1.300000000000000000e+01 2.000000000000000000e+00 0.000000000000000000e+00 1.000000000000000000e+00 0.000000000000000000e+00 2.000000000000000000e+00 1.000000000000000000e+00 0.000000000000000000e+00 0.000000000000000000e+00 0.000000000000000000e+00 5.000000000000000000e+00 0.000000000000000000e+00 0.000000000000000000e+00 0.000000000000000000e+00 0.000000000000000000e+00 0.000000000000000000e+00 2.760000000000000000e+02 2.000000000000000000e+00 0.000000000000000000e+00 2.000000000000000000e+00 0.000000000000000000e+00 0.000000000000000000e+00 0.000000000000000000e+00 0.000000000000000000e+00
7.500000000000000000e+01 5.000000000000000000e+00 0.000000000000000000e+00 2.000000000000000000e+00 7.000000000000000000e+00 8.000000000000000000e+00 0.000000000000000000e+00 2.000000000000000000e+00 0.000000000000000000e+00 2.000000000000000000e+00 3.000000000000000000e+00 0.000000000000000000e+00 0.000000000000000000e+00 1.000000000000000000e+00 0.000000000000000000e+00 9.560000000000000000e+02 0.000000000000000000e+00 1.600000000000000000e+01 4.000000000000000000e+00 0.000000000000000000e+00 3.150000000000000000e+02 7.000000000000000000e+00 0.000000000000000000e+00 2.000000000000000000e+00 0.000000000000000000e+00 2.000000000000000000e+00 2.000000000000000000e+00 0.000000000000000000e+00
1.000000000000000000e+00 0.000000000000000000e+00 1.000000000000000000e+00 0.000000000000000000e+00 3.000000000000000000e+00 0.000000000000000000e+00 0.000000000000000000e+00 1.000000000000000000e+00 0.000000000000000000e+00 0.000000000000000000e+00 1.000000000000000000e+00 0.000000000000000000e+00 0.000000000000000000e+00 0.000000000000000000e+00 1.000000000000000000e+00 2.000000000000000000e+00 0.000000000000000000e+00 0.000000000000000000e+00 0.000000000000000000e+00 0.000000000000000000e+00 4.400000000000000000e+01 0.000000000000000000e+00 0.000000000000000000e+00 0.000000000000000000e+00 0.000000000000000000e+00 0.000000000000000000e+00 4.000000000000000000e+00 0.000000000000000000e+00
6.900000000000000000e+01 5.400000000000000000e+01 2.000000000000000000e+00 5.000000000000000000e+00 1.600000000000000000e+01 5.000000000000000000e+00 0.000000000000000000e+00 1.000000000000000000e+00 0.000000000000000000e+00 1.000000000000000000e+00 2.000000000000000000e+00 0.000000000000000000e+00 0.000000000000000000e+00 6.000000000000000000e+00 0.000000000000000000e+00 2.600000000000000000e+01 0.000000000000000000e+00 9.200000000000000000e+01 2.800000000000000000e+01 0.000000000000000000e+00 4.970000000000000000e+02 5.000000000000000000e+00 0.000000000000000000e+00 2.000000000000000000e+00 0.000000000000000000e+00 0.000000000000000000e+00 2.000000000000000000e+00 1.000000000000000000e+00
5.600000000000000000e+01 1.000000000000000000e+01 0.000000000000000000e+00 2.000000000000000000e+00 4.000000000000000000e+00 1.000000000000000000e+00 0.000000000000000000e+00 1.000000000000000000e+00 0.000000000000000000e+00 0.000000000000000000e+00 2.000000000000000000e+00 0.000000000000000000e+00 0.000000000000000000e+00 1.000000000000000000e+00 0.000000000000000000e+00 3.000000000000000000e+00 0.000000000000000000e+00 8.000000000000000000e+00 3.560000000000000000e+02 0.000000000000000000e+00 5.500000000000000000e+02 6.000000000000000000e+00 0.000000000000000000e+00 2.000000000000000000e+00 0.000000000000000000e+00 1.000000000000000000e+00 0.000000000000000000e+00 1.000000000000000000e+00
3.000000000000000000e+00 0.000000000000000000e+00 2.000000000000000000e+00 5.000000000000000000e+00 8.000000000000000000e+00 3.000000000000000000e+00 1.000000000000000000e+00 2.000000000000000000e+00 0.000000000000000000e+00 2.000000000000000000e+00 3.000000000000000000e+00 0.000000000000000000e+00 0.000000000000000000e+00 0.000000000000000000e+00 2.000000000000000000e+00 1.000000000000000000e+00 0.000000000000000000e+00 0.000000000000000000e+00 0.000000000000000000e+00 0.000000000000000000e+00 1.510000000000000000e+02 1.000000000000000000e+00 0.000000000000000000e+00 0.000000000000000000e+00 0.000000000000000000e+00 0.000000000000000000e+00 2.000000000000000000e+00 1.000000000000000000e+00
2.940000000000000000e+02 1.040000000000000000e+02 8.400000000000000000e+01 1.520000000000000000e+02 2.480000000000000000e+02 4.800000000000000000e+01 5.000000000000000000e+01 9.000000000000000000e+01 9.000000000000000000e+00 5.300000000000000000e+01 1.660000000000000000e+02 2.500000000000000000e+01 3.000000000000000000e+00 1.700000000000000000e+01 1.200000000000000000e+01 8.600000000000000000e+01 2.000000000000000000e+00 5.100000000000000000e+01 5.600000000000000000e+01 0.000000000000000000e+00 9.365000000000000000e+03 4.100000000000000000e+01 0.000000000000000000e+00 4.000000000000000000e+01 0.000000000000000000e+00 2.000000000000000000e+00 3.500000000000000000e+01 3.400000000000000000e+01
4.300000000000000000e+01 4.000000000000000000e+00 0.000000000000000000e+00 2.000000000000000000e+00 1.400000000000000000e+01 8.000000000000000000e+00 2.000000000000000000e+00 3.000000000000000000e+00 3.000000000000000000e+00 0.000000000000000000e+00 6.000000000000000000e+00 1.000000000000000000e+00 0.000000000000000000e+00 0.000000000000000000e+00 1.000000000000000000e+00 1.600000000000000000e+01 0.000000000000000000e+00 9.000000000000000000e+00 5.000000000000000000e+00 0.000000000000000000e+00 6.690000000000000000e+02 1.270000000000000000e+02 0.000000000000000000e+00 0.000000000000000000e+00 0.000000000000000000e+00 0.000000000000000000e+00 1.000000000000000000e+00 0.000000000000000000e+00
2.300000000000000000e+01 2.000000000000000000e+00 0.000000000000000000e+00 2.000000000000000000e+00 5.000000000000000000e+00 1.000000000000000000e+00 0.000000000000000000e+00 0.000000000000000000e+00 0.000000000000000000e+00 2.000000000000000000e+00 4.000000000000000000e+00 0.000000000000000000e+00 0.000000000000000000e+00 0.000000000000000000e+00 0.000000000000000000e+00 5.000000000000000000e+00 0.000000000000000000e+00 4.000000000000000000e+00 0.000000000000000000e+00 0.000000000000000000e+00 1.050000000000000000e+02 3.000000000000000000e+00 0.000000000000000000e+00 1.000000000000000000e+00 0.000000000000000000e+00 0.000000000000000000e+00 0.000000000000000000e+00 0.000000000000000000e+00
1.900000000000000000e+01 1.000000000000000000e+01 3.000000000000000000e+00 1.000000000000000000e+01 3.400000000000000000e+01 0.000000000000000000e+00 3.000000000000000000e+00 1.000000000000000000e+00 0.000000000000000000e+00 2.000000000000000000e+00 1.000000000000000000e+01 0.000000000000000000e+00 0.000000000000000000e+00 2.000000000000000000e+00 0.000000000000000000e+00 5.000000000000000000e+00 0.000000000000000000e+00 5.000000000000000000e+00 4.000000000000000000e+00 0.000000000000000000e+00 8.290000000000000000e+02 2.000000000000000000e+00 0.000000000000000000e+00 2.700000000000000000e+01 0.000000000000000000e+00 0.000000000000000000e+00 1.000000000000000000e+00 5.000000000000000000e+00
1.700000000000000000e+01 1.000000000000000000e+00 0.000000000000000000e+00 1.000000000000000000e+00 3.000000000000000000e+00 2.000000000000000000e+00 2.000000000000000000e+00 0.000000000000000000e+00 0.000000000000000000e+00 0.000000000000000000e+00 1.000000000000000000e+00 0.000000000000000000e+00 0.000000000000000000e+00 0.000000000000000000e+00 0.000000000000000000e+00 8.000000000000000000e+00 0.000000000000000000e+00 4.000000000000000000e+00 2.000000000000000000e+00 0.000000000000000000e+00 1.130000000000000000e+02 0.000000000000000000e+00 0.000000000000000000e+00 2.000000000000000000e+00 0.000000000000000000e+00 0.000000000000000000e+00 0.000000000000000000e+00 0.000000000000000000e+00
2.000000000000000000e+00 3.000000000000000000e+00 3.000000000000000000e+00 3.000000000000000000e+00 5.000000000000000000e+00 3.000000000000000000e+00 0.000000000000000000e+00 0.000000000000000000e+00 0.000000000000000000e+00 5.000000000000000000e+00 1.000000000000000000e+00 1.000000000000000000e+00 1.000000000000000000e+00 0.000000000000000000e+00 0.000000000000000000e+00 1.700000000000000000e+01 0.000000000000000000e+00 0.000000000000000000e+00 1.000000000000000000e+00 0.000000000000000000e+00 1.910000000000000000e+02 1.000000000000000000e+00 0.000000000000000000e+00 2.000000000000000000e+00 0.000000000000000000e+00 1.900000000000000000e+01 1.400000000000000000e+01 0.000000000000000000e+00
1.400000000000000000e+01 4.000000000000000000e+00 3.000000000000000000e+00 1.100000000000000000e+01 1.000000000000000000e+01 3.000000000000000000e+00 1.000000000000000000e+00 1.000000000000000000e+00 1.000000000000000000e+00 2.000000000000000000e+01 8.000000000000000000e+00 2.000000000000000000e+00 0.000000000000000000e+00 0.000000000000000000e+00 0.000000000000000000e+00 8.000000000000000000e+00 0.000000000000000000e+00 4.000000000000000000e+00 1.000000000000000000e+00 0.000000000000000000e+00 6.190000000000000000e+02 3.000000000000000000e+00 0.000000000000000000e+00 2.000000000000000000e+00 0.000000000000000000e+00 9.000000000000000000e+00 7.100000000000000000e+01 0.000000000000000000e+00
4.000000000000000000e+01 7.000000000000000000e+00 9.000000000000000000e+00 5.000000000000000000e+00 1.100000000000000000e+01 0.000000000000000000e+00 4.000000000000000000e+00 1.900000000000000000e+01 0.000000000000000000e+00 3.000000000000000000e+00 8.000000000000000000e+00 1.000000000000000000e+00 0.000000000000000000e+00 3.000000000000000000e+00 1.000000000000000000e+00 2.000000000000000000e+00 0.000000000000000000e+00 3.000000000000000000e+00 1.000000000000000000e+00 0.000000000000000000e+00 5.210000000000000000e+02 0.000000000000000000e+00 0.000000000000000000e+00 3.000000000000000000e+00 0.000000000000000000e+00 0.000000000000000000e+00 2.000000000000000000e+00 4.800000000000000000e+01

The Classification Report:
                precision    recall  f1-score   support

    admiration       0.49      0.45      0.47      2134
     amusement       0.50      0.27      0.35      1233
         anger       0.36      0.12      0.18      1062
     annoyance       0.18      0.06      0.09      1688
      approval       0.26      0.10      0.15      2226
        caring       0.24      0.05      0.09       669
     confusion       0.33      0.06      0.10       965
     curiosity       0.37      0.11      0.17      1143
        desire       0.29      0.02      0.03       439
disappointment       0.24      0.04      0.07       970
   disapproval       0.24      0.08      0.12      1537
       disgust       0.44      0.09      0.15       585
 embarrassment       0.25      0.01      0.01       303
    excitement       0.29      0.03      0.05       597
          fear       0.19      0.02      0.03       317
     gratitude       0.74      0.68      0.71      1409
         grief       0.00      0.00      0.00        58
           joy       0.33      0.11      0.17       814
          love       0.65      0.35      0.46      1004
   nervousness       0.00      0.00      0.00       187
       neutral       0.37      0.85      0.51     11067
      optimism       0.46      0.14      0.21       914
         pride       0.00      0.00      0.00       157
   realization       0.21      0.03      0.05       972
        relief       0.00      0.00      0.00       156
       remorse       0.53      0.07      0.12       272
       sadness       0.42      0.09      0.15       795
      surprise       0.33      0.07      0.11       691

      accuracy                           0.39     34364
     macro avg       0.31      0.14      0.16     34364
  weighted avg       0.36      0.39      0.31     34364


----------------------------------------------------------------------------------------------

The Base-MNB model sentiments with default hyper-parameter values

The Confusion Matrix:
8.780000000000000000e+02 5.880000000000000000e+02 1.419000000000000000e+03 8.860000000000000000e+02
3.000000000000000000e+02 4.175000000000000000e+03 2.063000000000000000e+03 1.236000000000000000e+03
6.800000000000000000e+02 1.916000000000000000e+03 5.410000000000000000e+03 3.061000000000000000e+03
2.930000000000000000e+02 9.580000000000000000e+02 2.210000000000000000e+03 8.291000000000000000e+03

The Classification Report:
              precision    recall  f1-score   support

   ambiguous       0.41      0.23      0.30      3771
    negative       0.55      0.54      0.54      7774
     neutral       0.49      0.49      0.49     11067
    positive       0.62      0.71      0.66     11752

    accuracy                           0.55     34364
   macro avg       0.51      0.49      0.50     34364
weighted avg       0.54      0.55      0.54     34364


----------------------------------------------------------------------------------------------

The Base-DT model emotions with default hyper-parameter values

The Confusion Matrix:
1.197000000000000000e+03 4.700000000000000000e+01 2.100000000000000000e+01 4.500000000000000000e+01 1.400000000000000000e+02 1.800000000000000000e+01 1.200000000000000000e+01 2.000000000000000000e+01 1.100000000000000000e+01 1.400000000000000000e+01 1.600000000000000000e+01 7.000000000000000000e+00 4.000000000000000000e+00 4.800000000000000000e+01 7.000000000000000000e+00 7.300000000000000000e+01 1.000000000000000000e+00 5.100000000000000000e+01 8.200000000000000000e+01 3.000000000000000000e+00 2.490000000000000000e+02 2.500000000000000000e+01 7.000000000000000000e+00 1.200000000000000000e+01 3.000000000000000000e+00 1.000000000000000000e+00 0.000000000000000000e+00 2.000000000000000000e+01
6.000000000000000000e+01 6.990000000000000000e+02 1.800000000000000000e+01 4.500000000000000000e+01 4.200000000000000000e+01 7.000000000000000000e+00 7.000000000000000000e+00 1.200000000000000000e+01 9.000000000000000000e+00 8.000000000000000000e+00 1.900000000000000000e+01 6.000000000000000000e+00 5.000000000000000000e+00 2.000000000000000000e+01 3.000000000000000000e+00 8.000000000000000000e+00 1.000000000000000000e+00 4.300000000000000000e+01 1.500000000000000000e+01 1.000000000000000000e+00 1.720000000000000000e+02 6.000000000000000000e+00 0.000000000000000000e+00 8.000000000000000000e+00 0.000000000000000000e+00 2.000000000000000000e+00 3.000000000000000000e+00 1.400000000000000000e+01
2.100000000000000000e+01 2.900000000000000000e+01 3.810000000000000000e+02 1.640000000000000000e+02 3.300000000000000000e+01 1.200000000000000000e+01 1.900000000000000000e+01 2.600000000000000000e+01 3.000000000000000000e+00 3.100000000000000000e+01 3.700000000000000000e+01 3.900000000000000000e+01 4.000000000000000000e+00 7.000000000000000000e+00 9.000000000000000000e+00 2.000000000000000000e+00 1.000000000000000000e+00 5.000000000000000000e+00 2.000000000000000000e+00 0.000000000000000000e+00 2.070000000000000000e+02 2.000000000000000000e+00 0.000000000000000000e+00 9.000000000000000000e+00 0.000000000000000000e+00 4.000000000000000000e+00 4.000000000000000000e+00 1.100000000000000000e+01
5.300000000000000000e+01 6.600000000000000000e+01 2.310000000000000000e+02 3.770000000000000000e+02 1.060000000000000000e+02 2.500000000000000000e+01 4.300000000000000000e+01 3.500000000000000000e+01 1.200000000000000000e+01 7.600000000000000000e+01 9.100000000000000000e+01 5.800000000000000000e+01 1.400000000000000000e+01 1.000000000000000000e+01 9.000000000000000000e+00 6.000000000000000000e+00 4.000000000000000000e+00 1.100000000000000000e+01 1.000000000000000000e+01 3.000000000000000000e+00 3.870000000000000000e+02 1.000000000000000000e+01 0.000000000000000000e+00 1.000000000000000000e+01 2.000000000000000000e+00 6.000000000000000000e+00 1.700000000000000000e+01 1.600000000000000000e+01
1.920000000000000000e+02 5.000000000000000000e+01 5.600000000000000000e+01 1.370000000000000000e+02 6.250000000000000000e+02 6.900000000000000000e+01 4.500000000000000000e+01 4.100000000000000000e+01 3.800000000000000000e+01 5.200000000000000000e+01 6.100000000000000000e+01 1.800000000000000000e+01 1.100000000000000000e+01 2.500000000000000000e+01 7.000000000000000000e+00 2.800000000000000000e+01 1.000000000000000000e+00 3.600000000000000000e+01 3.900000000000000000e+01 4.000000000000000000e+00 6.100000000000000000e+02 2.600000000000000000e+01 1.000000000000000000e+00 2.200000000000000000e+01 7.000000000000000000e+00 4.000000000000000000e+00 7.000000000000000000e+00 1.400000000000000000e+01
4.100000000000000000e+01 1.300000000000000000e+01 2.100000000000000000e+01 4.400000000000000000e+01 7.600000000000000000e+01 1.570000000000000000e+02 9.000000000000000000e+00 1.200000000000000000e+01 8.000000000000000000e+00 1.600000000000000000e+01 2.000000000000000000e+01 0.000000000000000000e+00 3.000000000000000000e+00 3.000000000000000000e+00 4.000000000000000000e+00 1.400000000000000000e+01 4.000000000000000000e+00 1.100000000000000000e+01 1.100000000000000000e+01 1.000000000000000000e+00 1.430000000000000000e+02 2.700000000000000000e+01 0.000000000000000000e+00 5.000000000000000000e+00 0.000000000000000000e+00 1.000000000000000000e+01 1.200000000000000000e+01 4.000000000000000000e+00
2.100000000000000000e+01 2.800000000000000000e+01 2.900000000000000000e+01 5.500000000000000000e+01 4.700000000000000000e+01 1.100000000000000000e+01 2.940000000000000000e+02 1.190000000000000000e+02 7.000000000000000000e+00 1.500000000000000000e+01 2.500000000000000000e+01 6.000000000000000000e+00 5.000000000000000000e+00 1.000000000000000000e+01 6.000000000000000000e+00 5.000000000000000000e+00 0.000000000000000000e+00 3.000000000000000000e+00 1.000000000000000000e+01 3.000000000000000000e+00 2.360000000000000000e+02 4.000000000000000000e+00 0.000000000000000000e+00 1.300000000000000000e+01 1.000000000000000000e+00 0.000000000000000000e+00 1.000000000000000000e+00 1.100000000000000000e+01
3.100000000000000000e+01 1.700000000000000000e+01 3.300000000000000000e+01 6.400000000000000000e+01 5.100000000000000000e+01 1.100000000000000000e+01 1.670000000000000000e+02 3.940000000000000000e+02 9.000000000000000000e+00 1.000000000000000000e+01 2.000000000000000000e+01 2.000000000000000000e+00 4.000000000000000000e+00 1.600000000000000000e+01 7.000000000000000000e+00 6.000000000000000000e+00 0.000000000000000000e+00 3.000000000000000000e+00 1.000000000000000000e+01 0.000000000000000000e+00 2.550000000000000000e+02 5.000000000000000000e+00 2.000000000000000000e+00 3.000000000000000000e+00 1.000000000000000000e+00 2.000000000000000000e+00 1.000000000000000000e+00 1.900000000000000000e+01
1.800000000000000000e+01 1.100000000000000000e+01 9.000000000000000000e+00 1.600000000000000000e+01 3.600000000000000000e+01 1.200000000000000000e+01 9.000000000000000000e+00 1.000000000000000000e+01 1.230000000000000000e+02 1.200000000000000000e+01 8.000000000000000000e+00 1.000000000000000000e+00 2.000000000000000000e+00 1.500000000000000000e+01 2.000000000000000000e+00 2.000000000000000000e+00 1.000000000000000000e+00 5.000000000000000000e+00 9.000000000000000000e+00 2.000000000000000000e+00 1.030000000000000000e+02 2.100000000000000000e+01 0.000000000000000000e+00 5.000000000000000000e+00 1.000000000000000000e+00 1.000000000000000000e+00 3.000000000000000000e+00 2.000000000000000000e+00
2.300000000000000000e+01 1.900000000000000000e+01 5.100000000000000000e+01 1.100000000000000000e+02 6.000000000000000000e+01 2.300000000000000000e+01 1.800000000000000000e+01 1.300000000000000000e+01 9.000000000000000000e+00 1.730000000000000000e+02 5.800000000000000000e+01 3.000000000000000000e+01 6.000000000000000000e+00 5.000000000000000000e+00 1.100000000000000000e+01 4.000000000000000000e+00 1.000000000000000000e+00 8.000000000000000000e+00 8.000000000000000000e+00 1.100000000000000000e+01 2.440000000000000000e+02 1.000000000000000000e+00 1.000000000000000000e+00 1.400000000000000000e+01 3.000000000000000000e+00 7.000000000000000000e+00 4.200000000000000000e+01 1.700000000000000000e+01
3.200000000000000000e+01 3.200000000000000000e+01 9.200000000000000000e+01 1.630000000000000000e+02 1.220000000000000000e+02 2.000000000000000000e+01 7.000000000000000000e+01 2.200000000000000000e+01 7.000000000000000000e+00 8.300000000000000000e+01 3.640000000000000000e+02 2.600000000000000000e+01 1.200000000000000000e+01 6.000000000000000000e+00 1.000000000000000000e+01 1.000000000000000000e+01 4.000000000000000000e+00 9.000000000000000000e+00 5.000000000000000000e+00 1.000000000000000000e+00 3.770000000000000000e+02 1.500000000000000000e+01 0.000000000000000000e+00 2.000000000000000000e+01 1.000000000000000000e+00 5.000000000000000000e+00 2.000000000000000000e+01 9.000000000000000000e+00
1.200000000000000000e+01 1.900000000000000000e+01 6.800000000000000000e+01 1.040000000000000000e+02 2.900000000000000000e+01 3.000000000000000000e+00 1.000000000000000000e+01 3.000000000000000000e+00 3.000000000000000000e+00 2.900000000000000000e+01 4.100000000000000000e+01 1.280000000000000000e+02 5.000000000000000000e+00 4.000000000000000000e+00 1.700000000000000000e+01 3.000000000000000000e+00 1.000000000000000000e+00 2.000000000000000000e+00 1.000000000000000000e+00 1.000000000000000000e+00 9.200000000000000000e+01 3.000000000000000000e+00 0.000000000000000000e+00 3.000000000000000000e+00 1.000000000000000000e+00 2.000000000000000000e+00 1.000000000000000000e+00 0.000000000000000000e+00
7.000000000000000000e+00 7.000000000000000000e+00 2.000000000000000000e+01 3.200000000000000000e+01 2.300000000000000000e+01 5.000000000000000000e+00 1.200000000000000000e+01 5.000000000000000000e+00 3.000000000000000000e+00 1.500000000000000000e+01 1.100000000000000000e+01 1.200000000000000000e+01 4.700000000000000000e+01 1.000000000000000000e+00 2.000000000000000000e+00 5.000000000000000000e+00 0.000000000000000000e+00 3.000000000000000000e+00 2.000000000000000000e+00 2.000000000000000000e+00 7.300000000000000000e+01 1.000000000000000000e+00 0.000000000000000000e+00 4.000000000000000000e+00 0.000000000000000000e+00 7.000000000000000000e+00 1.000000000000000000e+00 3.000000000000000000e+00
7.700000000000000000e+01 3.500000000000000000e+01 1.700000000000000000e+01 2.000000000000000000e+01 3.500000000000000000e+01 4.000000000000000000e+00 1.000000000000000000e+01 3.100000000000000000e+01 8.000000000000000000e+00 6.000000000000000000e+00 5.000000000000000000e+00 3.000000000000000000e+00 1.000000000000000000e+00 1.170000000000000000e+02 1.000000000000000000e+00 9.000000000000000000e+00 0.000000000000000000e+00 3.800000000000000000e+01 1.100000000000000000e+01 4.000000000000000000e+00 1.280000000000000000e+02 8.000000000000000000e+00 1.000000000000000000e+00 7.000000000000000000e+00 1.000000000000000000e+00 0.000000000000000000e+00 2.000000000000000000e+00 1.800000000000000000e+01
7.000000000000000000e+00 7.000000000000000000e+00 1.400000000000000000e+01 2.200000000000000000e+01 1.500000000000000000e+01 5.000000000000000000e+00 3.000000000000000000e+00 6.000000000000000000e+00 3.000000000000000000e+00 1.300000000000000000e+01 1.000000000000000000e+01 1.400000000000000000e+01 3.000000000000000000e+00 2.000000000000000000e+00 1.260000000000000000e+02 1.000000000000000000e+00 1.000000000000000000e+00 0.000000000000000000e+00 0.000000000000000000e+00 7.000000000000000000e+00 4.800000000000000000e+01 1.000000000000000000e+00 0.000000000000000000e+00 3.000000000000000000e+00 1.000000000000000000e+00 0.000000000000000000e+00 3.000000000000000000e+00 2.000000000000000000e+00
1.120000000000000000e+02 1.200000000000000000e+01 4.000000000000000000e+00 1.700000000000000000e+01 3.600000000000000000e+01 2.100000000000000000e+01 3.000000000000000000e+00 1.000000000000000000e+01 2.000000000000000000e+00 6.000000000000000000e+00 8.000000000000000000e+00 1.000000000000000000e+00 1.000000000000000000e+00 1.400000000000000000e+01 0.000000000000000000e+00 1.042000000000000000e+03 0.000000000000000000e+00 2.400000000000000000e+01 7.000000000000000000e+00 0.000000000000000000e+00 5.300000000000000000e+01 1.000000000000000000e+01 3.000000000000000000e+00 2.000000000000000000e+00 6.000000000000000000e+00 1.200000000000000000e+01 2.000000000000000000e+00 1.000000000000000000e+00
4.000000000000000000e+00 0.000000000000000000e+00 1.000000000000000000e+00 3.000000000000000000e+00 4.000000000000000000e+00 1.000000000000000000e+00 2.000000000000000000e+00 1.000000000000000000e+00 1.000000000000000000e+00 5.000000000000000000e+00 1.000000000000000000e+00 1.000000000000000000e+00 0.000000000000000000e+00 0.000000000000000000e+00 2.000000000000000000e+00 0.000000000000000000e+00 5.000000000000000000e+00 0.000000000000000000e+00 0.000000000000000000e+00 0.000000000000000000e+00 1.400000000000000000e+01 0.000000000000000000e+00 1.000000000000000000e+00 2.000000000000000000e+00 0.000000000000000000e+00 2.000000000000000000e+00 8.000000000000000000e+00 0.000000000000000000e+00
9.900000000000000000e+01 1.070000000000000000e+02 1.000000000000000000e+01 1.900000000000000000e+01 4.900000000000000000e+01 1.500000000000000000e+01 4.000000000000000000e+00 9.000000000000000000e+00 8.000000000000000000e+00 4.000000000000000000e+00 5.000000000000000000e+00 2.000000000000000000e+00 1.000000000000000000e+00 4.500000000000000000e+01 6.000000000000000000e+00 2.700000000000000000e+01 3.000000000000000000e+00 2.160000000000000000e+02 4.800000000000000000e+01 0.000000000000000000e+00 1.140000000000000000e+02 3.000000000000000000e+00 3.000000000000000000e+00 3.000000000000000000e+00 6.000000000000000000e+00 1.000000000000000000e+00 5.000000000000000000e+00 2.000000000000000000e+00
1.500000000000000000e+02 2.300000000000000000e+01 1.000000000000000000e+00 1.300000000000000000e+01 5.100000000000000000e+01 2.000000000000000000e+01 6.000000000000000000e+00 7.000000000000000000e+00 1.700000000000000000e+01 7.000000000000000000e+00 4.000000000000000000e+00 5.000000000000000000e+00 1.000000000000000000e+00 1.700000000000000000e+01 3.000000000000000000e+00 1.200000000000000000e+01 0.000000000000000000e+00 4.700000000000000000e+01 5.180000000000000000e+02 1.000000000000000000e+00 8.500000000000000000e+01 5.000000000000000000e+00 0.000000000000000000e+00 3.000000000000000000e+00 0.000000000000000000e+00 3.000000000000000000e+00 3.000000000000000000e+00 2.000000000000000000e+00
3.000000000000000000e+00 3.000000000000000000e+00 8.000000000000000000e+00 1.700000000000000000e+01 1.400000000000000000e+01 1.500000000000000000e+01 4.000000000000000000e+00 4.000000000000000000e+00 1.000000000000000000e+00 1.600000000000000000e+01 6.000000000000000000e+00 3.000000000000000000e+00 2.000000000000000000e+00 0.000000000000000000e+00 1.500000000000000000e+01 1.000000000000000000e+00 0.000000000000000000e+00 0.000000000000000000e+00 0.000000000000000000e+00 2.500000000000000000e+01 3.800000000000000000e+01 1.000000000000000000e+00 0.000000000000000000e+00 0.000000000000000000e+00 0.000000000000000000e+00 0.000000000000000000e+00 8.000000000000000000e+00 3.000000000000000000e+00
5.550000000000000000e+02 3.440000000000000000e+02 3.990000000000000000e+02 7.000000000000000000e+02 1.053000000000000000e+03 2.630000000000000000e+02 4.210000000000000000e+02 4.120000000000000000e+02 1.510000000000000000e+02 2.790000000000000000e+02 5.110000000000000000e+02 1.170000000000000000e+02 5.100000000000000000e+01 1.490000000000000000e+02 8.500000000000000000e+01 8.100000000000000000e+01 1.100000000000000000e+01 1.460000000000000000e+02 1.150000000000000000e+02 4.400000000000000000e+01 4.745000000000000000e+03 9.700000000000000000e+01 6.000000000000000000e+00 1.330000000000000000e+02 1.400000000000000000e+01 3.000000000000000000e+01 7.700000000000000000e+01 7.800000000000000000e+01
7.000000000000000000e+01 1.600000000000000000e+01 1.700000000000000000e+01 3.500000000000000000e+01 9.200000000000000000e+01 4.700000000000000000e+01 2.100000000000000000e+01 1.500000000000000000e+01 4.500000000000000000e+01 1.900000000000000000e+01 2.000000000000000000e+01 2.000000000000000000e+00 2.000000000000000000e+00 1.200000000000000000e+01 7.000000000000000000e+00 1.700000000000000000e+01 2.000000000000000000e+00 2.100000000000000000e+01 1.300000000000000000e+01 0.000000000000000000e+00 2.010000000000000000e+02 2.120000000000000000e+02 2.000000000000000000e+00 6.000000000000000000e+00 4.000000000000000000e+00 3.000000000000000000e+00 6.000000000000000000e+00 7.000000000000000000e+00
4.000000000000000000e+01 5.000000000000000000e+00 3.000000000000000000e+00 7.000000000000000000e+00 1.700000000000000000e+01 4.000000000000000000e+00 3.000000000000000000e+00 0.000000000000000000e+00 1.000000000000000000e+00 3.000000000000000000e+00 3.000000000000000000e+00 0.000000000000000000e+00 1.000000000000000000e+00 3.000000000000000000e+00 2.000000000000000000e+00 2.000000000000000000e+00 0.000000000000000000e+00 6.000000000000000000e+00 0.000000000000000000e+00 0.000000000000000000e+00 4.200000000000000000e+01 6.000000000000000000e+00 5.000000000000000000e+00 1.000000000000000000e+00 1.000000000000000000e+00 0.000000000000000000e+00 2.000000000000000000e+00 0.000000000000000000e+00
5.600000000000000000e+01 4.900000000000000000e+01 2.800000000000000000e+01 7.000000000000000000e+01 1.110000000000000000e+02 2.400000000000000000e+01 2.600000000000000000e+01 1.000000000000000000e+01 1.000000000000000000e+01 3.700000000000000000e+01 4.500000000000000000e+01 4.000000000000000000e+00 5.000000000000000000e+00 6.000000000000000000e+00 1.000000000000000000e+01 1.000000000000000000e+01 2.000000000000000000e+00 1.500000000000000000e+01 8.000000000000000000e+00 2.000000000000000000e+00 3.410000000000000000e+02 8.000000000000000000e+00 0.000000000000000000e+00 6.400000000000000000e+01 1.000000000000000000e+00 1.000000000000000000e+01 5.000000000000000000e+00 1.500000000000000000e+01
2.000000000000000000e+01 4.000000000000000000e+00 2.000000000000000000e+00 6.000000000000000000e+00 2.400000000000000000e+01 1.300000000000000000e+01 2.000000000000000000e+00 2.000000000000000000e+00 0.000000000000000000e+00 3.000000000000000000e+00 2.000000000000000000e+00 0.000000000000000000e+00 0.000000000000000000e+00 1.000000000000000000e+00 0.000000000000000000e+00 9.000000000000000000e+00 0.000000000000000000e+00 1.200000000000000000e+01 3.000000000000000000e+00 0.000000000000000000e+00 3.200000000000000000e+01 2.000000000000000000e+00 0.000000000000000000e+00 2.000000000000000000e+00 1.600000000000000000e+01 0.000000000000000000e+00 1.000000000000000000e+00 0.000000000000000000e+00
4.000000000000000000e+00 4.000000000000000000e+00 5.000000000000000000e+00 1.700000000000000000e+01 1.900000000000000000e+01 9.000000000000000000e+00 1.000000000000000000e+01 4.000000000000000000e+00 3.000000000000000000e+00 2.600000000000000000e+01 3.000000000000000000e+00 1.000000000000000000e+00 6.000000000000000000e+00 1.000000000000000000e+00 0.000000000000000000e+00 1.200000000000000000e+01 5.000000000000000000e+00 0.000000000000000000e+00 1.000000000000000000e+00 0.000000000000000000e+00 3.500000000000000000e+01 1.000000000000000000e+00 0.000000000000000000e+00 4.000000000000000000e+00 0.000000000000000000e+00 8.200000000000000000e+01 1.900000000000000000e+01 1.000000000000000000e+00
1.900000000000000000e+01 1.400000000000000000e+01 3.100000000000000000e+01 6.700000000000000000e+01 5.400000000000000000e+01 2.100000000000000000e+01 1.200000000000000000e+01 3.000000000000000000e+00 9.000000000000000000e+00 8.700000000000000000e+01 5.100000000000000000e+01 1.600000000000000000e+01 1.300000000000000000e+01 6.000000000000000000e+00 1.500000000000000000e+01 5.000000000000000000e+00 4.000000000000000000e+00 3.000000000000000000e+00 3.000000000000000000e+00 8.000000000000000000e+00 1.310000000000000000e+02 2.000000000000000000e+00 1.000000000000000000e+00 1.600000000000000000e+01 0.000000000000000000e+00 5.500000000000000000e+01 1.480000000000000000e+02 1.000000000000000000e+00
6.300000000000000000e+01 1.700000000000000000e+01 2.300000000000000000e+01 3.200000000000000000e+01 3.900000000000000000e+01 5.000000000000000000e+00 2.300000000000000000e+01 3.900000000000000000e+01 4.000000000000000000e+00 1.900000000000000000e+01 1.800000000000000000e+01 9.000000000000000000e+00 8.000000000000000000e+00 3.200000000000000000e+01 7.000000000000000000e+00 4.000000000000000000e+00 1.000000000000000000e+00 1.600000000000000000e+01 2.000000000000000000e+00 1.000000000000000000e+00 1.610000000000000000e+02 4.000000000000000000e+00 0.000000000000000000e+00 1.000000000000000000e+01 0.000000000000000000e+00 0.000000000000000000e+00 4.000000000000000000e+00 1.500000000000000000e+02

The Classification Report:
                precision    recall  f1-score   support

    admiration       0.40      0.56      0.47      2134
     amusement       0.42      0.57      0.48      1233
         anger       0.24      0.36      0.29      1062
     annoyance       0.16      0.22      0.18      1688
      approval       0.21      0.28      0.24      2226
        caring       0.19      0.23      0.21       669
     confusion       0.23      0.30      0.26       965
     curiosity       0.31      0.34      0.33      1143
        desire       0.24      0.28      0.26       439
disappointment       0.16      0.18      0.17       970
   disapproval       0.25      0.24      0.24      1537
       disgust       0.25      0.22      0.23       585
 embarrassment       0.22      0.16      0.18       303
    excitement       0.20      0.20      0.20       597
          fear       0.34      0.40      0.37       317
     gratitude       0.75      0.74      0.74      1409
         grief       0.09      0.09      0.09        58
           joy       0.29      0.27      0.28       814
          love       0.56      0.52      0.53      1004
   nervousness       0.20      0.13      0.16       187
       neutral       0.51      0.43      0.47     11067
      optimism       0.42      0.23      0.30       914
         pride       0.15      0.03      0.05       157
   realization       0.17      0.07      0.09       972
        relief       0.23      0.10      0.14       156
       remorse       0.33      0.30      0.31       272
       sadness       0.37      0.19      0.25       795
      surprise       0.36      0.22      0.27       691

      accuracy                           0.36     34364
     macro avg       0.29      0.28      0.28     34364
  weighted avg       0.38      0.36      0.36     34364


----------------------------------------------------------------------------------------------

The Base-DT model sentiments with default hyper-parameter values

The Confusion Matrix:
1.777000000000000000e+03 5.920000000000000000e+02 9.060000000000000000e+02 4.960000000000000000e+02
8.890000000000000000e+02 4.652000000000000000e+03 1.528000000000000000e+03 7.050000000000000000e+02
1.604000000000000000e+03 2.527000000000000000e+03 5.232000000000000000e+03 1.704000000000000000e+03
8.570000000000000000e+02 1.326000000000000000e+03 2.518000000000000000e+03 7.051000000000000000e+03

The Classification Report:
              precision    recall  f1-score   support

   ambiguous       0.35      0.47      0.40      3771
    negative       0.51      0.60      0.55      7774
     neutral       0.51      0.47      0.49     11067
    positive       0.71      0.60      0.65     11752

    accuracy                           0.54     34364
   macro avg       0.52      0.54      0.52     34364
weighted avg       0.56      0.54      0.55     34364


----------------------------------------------------------------------------------------------

